Camera Matrix
[[534.21305012   0.         341.94076136]
 [  0.         534.3422263  234.20697574]
 [  0.           0.           1.        ]]

Distortion Factors
[[-3.00225860e-01  1.48224136e-01  1.49033658e-03  6.62245606e-05
  -2.78325469e-02]]

Rot Vector
[array([[-0.43169931],
       [ 0.25971528],
       [-3.08782899]]), array([[ 0.41783779],
       [ 0.65763088],
       [-1.33655237]]), array([[-0.26344093],
       [-0.3907668 ],
       [-2.74840105]]), array([[-0.37695795],
       [-0.17727036],
       [-3.11630079]]), array([[-0.45790418],
       [-0.31262882],
       [-1.76168322]]), array([[-0.2971663 ],
       [ 0.39237489],
       [-1.43463508]]), array([[-0.31730094],
       [ 0.15985698],
       [-1.24118348]]), array([[-0.45648676],
       [-0.08779076],
       [-1.33523923]]), array([[-0.35128235],
       [-0.24274934],
       [-1.56901275]])]

Tran Vector
[array([[ 3.78588189],
       [ 0.86341166],
       [14.86292425]]), array([[-2.13387281],
       [ 1.81507388],
       [12.8149172 ]]), array([[3.02921512],
       [2.72207471],
       [9.90705481]]), array([[ 2.81490303],
       [ 2.19733325],
       [10.9653014 ]]), array([[-1.14722488],
       [ 2.65128155],
       [ 9.56769757]]), array([[ 1.59122956],
       [ 3.77441116],
       [16.12806186]]), array([[-5.9574091 ],
       [ 2.35521094],
       [16.77922148]]), array([[-3.28833566],
       [ 2.12984495],
       [11.72999669]]), array([[-2.90809941],
       [ 2.59483702],
       [10.57929107]])]