Camera Matrix
[[529.95974258   0.         332.46196371]
 [  0.         530.55661627 262.99950602]
 [  0.           0.           1.        ]]

Distortion Factors
[[-0.33324325  0.1061604   0.00069956 -0.00130937  0.04215009]]

Rot Vector
[array([[0.04608084],
       [2.98260888],
       [0.10332709]]), array([[ 0.03176268],
       [-2.75197197],
       [-0.15391666]]), array([[0.01091496],
       [3.11370043],
       [0.00670119]]), array([[-4.03033387e-03],
       [ 3.11310302e+00],
       [ 7.92170550e-04]]), array([[ 0.00537989],
       [-3.18462877],
       [ 0.024138  ]]), array([[ 0.02681832],
       [ 3.15046008],
       [-0.04480489]]), array([[ 0.02865474],
       [-3.20771334],
       [ 0.00987167]]), array([[ 0.03956818],
       [-3.22082625],
       [-0.09315631]]), array([[0.00671582],
       [3.16898014],
       [0.06759333]]), array([[-0.62752166],
       [-3.17084612],
       [-0.05131319]]), array([[0.02534767],
       [0.06630907],
       [0.36815197]]), array([[ 0.0710974 ],
       [-0.05607796],
       [ 0.21721566]]), array([[0.34970985],
       [3.12898658],
       [0.09073242]])]

Tran Vector
[array([[ 4.41945498],
       [-4.56193296],
       [15.20265527]]), array([[ 0.93752025],
       [-0.93379518],
       [12.56411185]]), array([[ 2.57983977],
       [-6.08832145],
       [14.03821646]]), array([[ 2.52560088],
       [-3.32233513],
       [14.22215494]]), array([[ 2.16548207],
       [-0.6159184 ],
       [14.37312572]]), array([[ 7.49150514],
       [-0.11565962],
       [14.28805575]]), array([[-0.65690887],
       [-0.57423153],
       [14.27179879]]), array([[-0.96583367],
       [-4.72642899],
       [14.1877996 ]]), array([[ 7.53761371],
       [-5.44894758],
       [14.20362151]]), array([[-0.69220146],
       [-2.5673186 ],
       [15.31100193]]), array([[ 0.18545719],
       [-1.9691914 ],
       [15.4075734 ]]), array([[-4.48792049],
       [-5.32984966],
       [15.10682658]]), array([[ 4.59845662],
       [-4.96131902],
       [15.1216752 ]])]